[121049, 122463, 108953, 117763, 112040, 107358, 121064, 125992, 127940, 117365, 124192, 94141, 85664, 124152, 113710, 119089, 119136, 112525, 114931, 127744, 133296, 95510, 106686, 109173, 102905, 98526, 122881, 109411, 125054, 142947, 137036, 109605, 114143, 114345, 124991, 134224, 119616, 135526, 111439, 131281, 107487, 94443, 100278, 127661, 110131, 125820, 97284, 125435, 130928, 128165]
[136404, 133858, 119313, 116025, 117603, 110022, 141521, 135441, 136254, 128452, 136644, 108505, 107758, 124039, 126459, 143797, 133741, 121727, 145223, 150439, 156168, 112018, 134065, 127372, 133048, 124724, 151315, 133014, 136503, 158878, 147680, 125197, 139580, 123384, 139568, 166206, 139547, 152924, 129016, 129167, 114804, 119966, 125160, 142674, 116557, 141559, 121909, 134035, 145293, 148136]
[106554, 113932, 100845, 105139, 96632, 104902, 110879, 102341, 132732, 112566, 106669, 91364, 89739, 118222, 101318, 122144, 106815, 110528, 112436, 118556, 133640, 100373, 104544, 103280, 107971, 93968, 117074, 111147, 106958, 124463, 133434, 107854, 104657, 102849, 121380, 123004, 117369, 122382, 107344, 114458, 101287, 84721, 98123, 128617, 110082, 120425, 91877, 122394, 117713, 119626]
[116835, 110043, 101227, 126030, 103426, 104162, 108001, 122131, 116715, 114797, 117782, 88260, 83434, 114587, 115045, 114286, 109312, 107656, 119147, 132381, 129598, 101740, 101962, 101736, 107448, 103220, 132215, 116239, 111899, 128711, 130448, 107837, 109559, 98934, 112087, 127011, 110566, 123523, 99822, 109263, 106961, 100382, 91187, 117231, 108081, 124931, 104120, 118623, 119985, 123962]
[104626, 105243, 108796, 101230, 102932, 95046, 114686, 112428, 121741, 115293, 112859, 88368, 73534, 111648, 110308, 115295, 101288, 106109, 111535, 127184, 118636, 98605, 101965, 105595, 106520, 100121, 108669, 102824, 110022, 125148, 118766, 110625, 112880, 100958, 126416, 122707, 118949, 128915, 102371, 114423, 108336, 91212, 95073, 120202, 105045, 119959, 96463, 117185, 126519, 117938]
[127461, 128124, 123347, 120547, 118601, 111751, 128304, 131328, 138698, 129571, 132436, 103230, 96903, 125274, 120538, 136591, 120842, 127571, 126093, 146422, 148477, 106952, 112275, 125738, 123464, 111572, 131870, 127340, 127145, 155907, 159016, 125009, 134469, 131877, 132186, 134088, 126963, 147088, 128415, 138944, 118315, 113841, 113966, 140287, 117281, 149767, 109622, 136959, 130037, 143006]
[124302, 118330, 105785, 109628, 118863, 113547, 124826, 130039, 125474, 126789, 137135, 105677, 102237, 117713, 123917, 129233, 117794, 130408, 120447, 151023, 138561, 109955, 112163, 124850, 125182, 118109, 133860, 125973, 128852, 145238, 152106, 121047, 129025, 116872, 139992, 144909, 127917, 135782, 118441, 137064, 119610, 111353, 120321, 143612, 114218, 141483, 120973, 132036, 136798, 145966]
[113188, 116290, 117831, 122282, 112141, 115578, 118512, 135925, 128212, 111731, 127104, 94168, 92351, 118707, 115824, 134178, 120767, 115136, 123483, 144997, 139686, 119144, 106527, 121817, 121697, 115744, 132979, 116892, 117957, 135123, 151334, 129481, 128823, 116466, 109641, 130745, 134270, 144392, 106601, 127543, 112617, 104736, 94089, 126133, 106768, 139504, 114744, 131288, 129091, 145172]
[117088, 93863, 106879, 109300, 99085, 105421, 126683, 127842, 127771, 112824, 123549, 82176, 85083, 104365, 117288, 111929, 110325, 113444, 110753, 126233, 131231, 96768, 100752, 103338, 111947, 104050, 122128, 114351, 109697, 136143, 129317, 102754, 126352, 106399, 119004, 132002, 114432, 139812, 96036, 118528, 107615, 97315, 97054, 122853, 98401, 130934, 95529, 123473, 122605, 127620]
[130131, 135487, 125740, 138107, 122576, 116745, 139086, 145928, 148431, 131600, 135335, 109348, 99148, 128513, 133326, 140062, 132676, 127205, 144705, 148332, 145882, 130965, 127534, 120621, 121360, 118916, 148010, 133785, 127656, 157607, 164155, 133925, 138542, 142305, 138497, 149435, 127503, 162061, 125653, 140584, 120221, 120292, 120090, 146523, 126091, 153990, 113563, 140216, 139916, 148163]
[96205, 92936, 92867, 102044, 97633, 99413, 101463, 111183, 113635, 105217, 108771, 96770, 77290, 109199, 103340, 116739, 98576, 100172, 106683, 119661, 126858, 91062, 100715, 105136, 110491, 106636, 106144, 111978, 106815, 127486, 122365, 109470, 103296, 97442, 114027, 114537, 119087, 116397, 96863, 117929, 100784, 83057, 99784, 118167, 102507, 118589, 104832, 119889, 117951, 118798]
[117726, 118206, 100230, 120752, 108893, 110077, 122724, 123704, 126795, 103390, 119391, 98891, 100461, 117780, 116376, 127479, 121284, 109779, 128596, 137759, 134428, 108795, 109657, 109781, 108711, 107410, 130509, 124627, 118702, 140195, 142431, 116989, 117593, 122736, 109775, 127179, 118275, 132869, 113421, 121941, 99613, 97542, 113755, 120384, 110020, 134429, 114771, 123071, 116305, 128263]
[113464, 133790, 112032, 121504, 111367, 106699, 121738, 138576, 121062, 106586, 122749, 106829, 99979, 117170, 119279, 139845, 118250, 113860, 131868, 150473, 147507, 114338, 123560, 118984, 120908, 121994, 134501, 117243, 132579, 138083, 146045, 125292, 124838, 115008, 123161, 136853, 134689, 136225, 115319, 122364, 95035, 104730, 123258, 128205, 104887, 145675, 100864, 134014, 124727, 137603]
[135717, 138444, 121027, 139559, 131994, 115931, 150025, 143228, 151708, 143780, 142568, 123754, 104032, 142828, 137747, 144720, 139272, 141460, 142638, 161992, 162845, 123546, 136361, 137275, 141136, 129914, 148383, 134036, 137428, 168327, 173031, 140007, 144360, 135969, 146411, 164100, 144557, 165299, 138708, 166363, 127526, 128506, 136614, 165292, 130956, 150536, 136784, 146079, 150627, 149883]
[130536, 120795, 104142, 120391, 117008, 110141, 121330, 126381, 125694, 125035, 133342, 110027, 92857, 121113, 121901, 136012, 122021, 121117, 133950, 138886, 149967, 111047, 118748, 127695, 125213, 124848, 143029, 128635, 132074, 153066, 160509, 123961, 129202, 115054, 136068, 148632, 133035, 145411, 116284, 132000, 117488, 116462, 123281, 137614, 113345, 137858, 115018, 129846, 138604, 149169]
[121451, 134312, 123779, 123007, 122233, 107835, 144770, 136527, 148594, 119624, 119261, 95608, 84684, 127190, 127759, 135346, 113985, 126898, 129509, 147824, 143888, 125102, 117032, 121702, 116754, 114186, 137103, 118575, 118252, 133986, 142331, 121354, 128774, 119395, 128255, 150719, 135379, 152039, 121514, 133003, 118478, 118398, 109877, 129176, 124307, 139366, 111977, 128646, 135067, 144533]
[95255, 95200, 109563, 94521, 98436, 97068, 125890, 114699, 125723, 102293, 108035, 87712, 77746, 100777, 105785, 123721, 109970, 109388, 108032, 118286, 122714, 96106, 106192, 111704, 99185, 105871, 111187, 101727, 106922, 123757, 137022, 120561, 118441, 114701, 100112, 127890, 115799, 132569, 94316, 126018, 101021, 98231, 89793, 117504, 86185, 116668, 103505, 119691, 123792, 121743]
[144269, 137939, 133914, 134678, 129779, 134198, 153261, 144285, 155788, 140953, 148026, 122504, 113202, 140821, 135182, 162757, 135536, 141893, 152572, 158218, 166281, 129486, 128018, 143578, 138010, 128507, 145830, 146302, 141778, 165417, 182841, 149057, 142904, 139742, 153238, 160985, 146938, 159492, 125509, 148260, 133749, 121548, 133387, 162254, 122754, 165588, 122780, 165164, 158519, 154599]
[133587, 133988, 112995, 121807, 124185, 117616, 131743, 133043, 143299, 128236, 139239, 107919, 101365, 127778, 125291, 138937, 124280, 132420, 125793, 152271, 156797, 105739, 118684, 123021, 124254, 112555, 145350, 132945, 128058, 156339, 159342, 128510, 128096, 123698, 141641, 151867, 127405, 135973, 124474, 141598, 117767, 117002, 126453, 142739, 121661, 143298, 111842, 133558, 135005, 144628]
[130215, 128278, 127530, 135804, 132653, 122556, 149362, 145363, 150937, 141747, 145250, 111705, 98016, 137208, 131033, 148923, 136247, 136644, 144203, 158520, 163141, 119168, 128876, 140320, 133742, 132936, 156246, 141096, 133587, 167977, 170052, 139990, 130846, 132043, 156318, 162322, 143919, 159881, 136039, 150188, 137075, 123201, 133581, 157711, 131390, 160614, 136665, 153124, 150261, 159525]
[137999, 137560, 135827, 150703, 138142, 122000, 147681, 152398, 152805, 145054, 154637, 116831, 111363, 150852, 138413, 153060, 133066, 136234, 153097, 165450, 160006, 127956, 125918, 132745, 134802, 135276, 142299, 153480, 144652, 174567, 168982, 140929, 138076, 144144, 155818, 155668, 149189, 164028, 135332, 152416, 136715, 122507, 131126, 157748, 131711, 167859, 119489, 161804, 145798, 154688]
[122172, 126813, 115795, 121897, 118599, 99013, 135683, 126647, 133825, 130003, 130956, 102749, 97901, 119818, 126447, 136986, 116972, 120823, 133470, 138894, 151376, 98417, 113419, 121693, 125738, 110869, 135641, 120838, 121817, 139052, 151386, 129451, 122328, 118667, 128892, 137106, 122770, 140002, 117750, 135095, 111591, 103909, 120290, 135477, 108327, 145685, 110958, 142920, 126442, 132087]
[116104, 123293, 102085, 117354, 119965, 101004, 114555, 123814, 124946, 124452, 134929, 106359, 100814, 117772, 105774, 133077, 115008, 116082, 126167, 138760, 143075, 114124, 111655, 116990, 115665, 102841, 133130, 106504, 119915, 135193, 149057, 121431, 120617, 107048, 124933, 148372, 114313, 127938, 121020, 124538, 108573, 98249, 125067, 141256, 109137, 124613, 117493, 124743, 138416, 145820]
[128841, 119922, 109236, 120031, 108446, 113790, 136991, 139688, 133868, 117865, 129515, 101076, 99145, 127820, 128319, 126776, 126071, 126716, 130573, 151276, 142941, 113489, 125133, 124440, 126530, 123788, 140420, 129917, 128731, 159289, 152584, 119561, 136654, 122711, 132371, 142369, 130664, 153710, 127922, 133863, 119666, 113339, 121066, 140796, 119682, 146553, 125219, 135436, 129623, 142318]
[128471, 127239, 118836, 125287, 131357, 119509, 136810, 137636, 141101, 111346, 131418, 107011, 99466, 125427, 114128, 141607, 117235, 123484, 126055, 145191, 149753, 110002, 118652, 127061, 110679, 125200, 131305, 126523, 123647, 142766, 148613, 120929, 123317, 120213, 124998, 147272, 135774, 146214, 120067, 134929, 117318, 109297, 111839, 127152, 120668, 142687, 109360, 132126, 129712, 139104]
[95764, 107261, 86117, 105923, 97029, 91809, 101367, 114222, 104389, 105590, 105138, 92088, 82031, 103577, 96941, 116743, 102233, 97255, 110961, 123498, 124791, 93020, 104772, 100906, 102471, 92186, 106606, 94840, 97555, 119713, 120966, 104234, 99547, 93908, 108232, 109063, 104590, 104715, 106463, 113198, 84601, 88257, 99941, 103427, 100445, 113932, 94265, 105951, 104721, 113366]
[127323, 124919, 111162, 130572, 121788, 108952, 130336, 147675, 133963, 121198, 131900, 109330, 96557, 125328, 126830, 137997, 114202, 128421, 124541, 163481, 151467, 108983, 120227, 123106, 127221, 111754, 136634, 123072, 123895, 147246, 147242, 129259, 130492, 118287, 135318, 145850, 122452, 135641, 121139, 142159, 118223, 116869, 128502, 137303, 124451, 148217, 125600, 130570, 136132, 141558]
[112586, 104839, 107124, 114024, 103663, 101134, 112046, 122510, 112388, 105229, 110218, 99205, 91928, 116472, 118019, 119823, 102882, 109639, 118459, 132288, 117778, 106494, 108819, 97474, 100257, 98989, 103557, 106592, 112467, 116456, 130865, 110024, 109166, 100382, 128301, 146071, 122121, 133948, 92807, 121542, 101703, 94509, 119827, 120143, 106173, 118650, 89949, 111831, 126083, 120064]
[130064, 118269, 109318, 130381, 106161, 111189, 131910, 136354, 139985, 124720, 118330, 102509, 89498, 132015, 130734, 126024, 120415, 120304, 131951, 142097, 138960, 113164, 117743, 112745, 119853, 108665, 142641, 129526, 118028, 147130, 140601, 119551, 122586, 123868, 136542, 143134, 117701, 146263, 115759, 145208, 115924, 119306, 117550, 134327, 135669, 133718, 117907, 130805, 138827, 136439]
[104119, 112420, 97563, 105800, 104893, 101928, 120125, 109232, 122821, 103041, 118141, 97420, 96338, 107434, 102961, 127207, 107599, 102963, 112601, 118398, 135029, 103466, 107790, 107223, 101758, 106336, 115237, 104269, 109358, 123290, 131991, 107484, 121487, 105164, 109997, 114596, 116211, 121566, 101157, 117138, 104626, 93340, 100441, 118730, 100676, 116494, 108885, 115613, 115673, 124146]
[110270, 108578, 97937, 115305, 105763, 96865, 113652, 123986, 121758, 110708, 117829, 99575, 83730, 114972, 114435, 115505, 112059, 111463, 113396, 130656, 130231, 103403, 106252, 104689, 106745, 102212, 115030, 113384, 115141, 134357, 125337, 116488, 115403, 104061, 119640, 135237, 119566, 134064, 103473, 119294, 101852, 94449, 108725, 121608, 111076, 125851, 104675, 110906, 122326, 129556]
[103411, 104077, 87105, 94332, 104894, 97132, 110211, 120732, 115965, 98308, 118074, 98491, 94197, 99161, 100511, 125101, 107372, 104177, 112614, 121331, 130626, 97630, 107421, 107203, 111409, 108353, 122227, 108639, 111163, 128331, 137277, 106027, 102832, 104196, 107489, 116764, 115387, 117334, 101628, 113225, 103724, 94200, 98812, 112274, 92495, 116679, 109382, 107286, 107326, 123921]
[125827, 127993, 115876, 124626, 106939, 118527, 131547, 137681, 125024, 125223, 119805, 100655, 94688, 125870, 125655, 125489, 124289, 125029, 135336, 151958, 144892, 100247, 112844, 118278, 114412, 107042, 135305, 123537, 112137, 148344, 148427, 127181, 125127, 112869, 117776, 141587, 128462, 137901, 117142, 131891, 109420, 112941, 115114, 122208, 109287, 151968, 113797, 124793, 132533, 128583]
[120095, 116561, 113054, 132557, 107494, 121439, 130760, 148965, 128121, 116339, 127931, 101303, 100865, 136252, 123627, 133474, 130086, 117213, 138430, 148208, 151698, 118337, 116253, 121920, 126804, 117630, 135209, 119939, 111799, 157084, 152348, 127077, 134898, 125169, 128603, 141125, 129807, 146666, 112337, 142040, 105907, 117768, 125375, 132902, 124643, 141556, 125760, 133227, 140222, 144680]
[122526, 125174, 107125, 129101, 114833, 117863, 131897, 145053, 131742, 123653, 127561, 105071, 95759, 126931, 123015, 138390, 123811, 127306, 137465, 154466, 149209, 116294, 129017, 126931, 130922, 120760, 135771, 118786, 125885, 154804, 148810, 134845, 135631, 119478, 131473, 142771, 132773, 140213, 123577, 139009, 114758, 117409, 120544, 129481, 121166, 145154, 124196, 135637, 136840, 145201]
[134259, 124283, 126737, 128471, 133394, 128176, 131371, 144120, 142253, 130918, 145455, 110108, 122651, 124771, 128700, 143708, 135770, 128580, 136355, 152207, 150932, 116092, 118581, 125114, 128757, 130162, 140515, 143895, 133053, 151505, 170850, 129371, 131374, 132400, 125122, 149247, 131957, 154632, 118805, 134756, 121047, 107904, 113531, 153406, 106912, 155921, 134647, 142606, 136676, 143527]
[99880, 108354, 93622, 112567, 104069, 98389, 115202, 128221, 117457, 108400, 117917, 88237, 81034, 112212, 113731, 118767, 104461, 112338, 108949, 129247, 136724, 100611, 116693, 98561, 111852, 115693, 122894, 108410, 106956, 133274, 117104, 108100, 111260, 101706, 113897, 130878, 117068, 124618, 109308, 126956, 90831, 92621, 112012, 123294, 101658, 128384, 99723, 124940, 112524, 128527]
[122873, 130771, 106810, 120791, 124133, 110437, 132293, 133502, 137218, 123612, 138043, 108812, 106766, 130565, 123557, 135236, 120256, 131602, 138896, 143950, 146161, 119546, 123601, 128036, 123802, 122639, 133180, 119186, 129480, 153569, 158041, 133029, 130460, 124516, 129876, 154502, 135975, 143711, 120622, 139721, 121476, 115538, 126645, 150539, 109791, 138133, 123269, 134859, 145833, 140621]
[102975, 109703, 111907, 117540, 113372, 96922, 116707, 121664, 128644, 114684, 117845, 92417, 81955, 124529, 105498, 117401, 107115, 108748, 122030, 126351, 126133, 103294, 102900, 113624, 106656, 105264, 110860, 115429, 113790, 138473, 141118, 125461, 109151, 114608, 127975, 134977, 123023, 139961, 111841, 132935, 115333, 97592, 112032, 137014, 113114, 134726, 112679, 127539, 136781, 127619]
[137452, 134929, 121461, 127954, 135605, 130081, 138756, 148534, 141666, 130052, 145176, 119669, 112627, 133054, 131593, 148509, 133063, 132211, 136784, 159755, 156107, 122352, 118450, 135754, 128063, 119909, 128202, 130086, 130792, 156063, 170042, 131469, 133621, 136283, 130578, 145212, 137825, 152365, 125971, 153022, 114097, 113714, 115479, 147195, 126046, 151927, 121479, 139018, 141563, 149603]
[129164, 123153, 115006, 124711, 117518, 120888, 127560, 130429, 134948, 120204, 124986, 102694, 103877, 124502, 116173, 127682, 122787, 132649, 131294, 150997, 145091, 110658, 108404, 129094, 127062, 112564, 136237, 124075, 129944, 153735, 160219, 115225, 130655, 112249, 129343, 143471, 137861, 147648, 125282, 130550, 125074, 113049, 116383, 143499, 116026, 143810, 119399, 134022, 142760, 145044]
[111034, 107463, 101150, 114862, 109584, 96984, 123507, 125096, 123460, 107658, 113877, 100734, 95808, 111796, 111461, 126553, 118275, 109127, 116589, 128701, 122341, 102766, 108276, 108920, 105369, 104477, 114405, 113812, 115670, 132826, 141436, 117555, 110080, 117601, 119081, 131415, 116291, 138533, 98193, 130437, 101151, 100823, 107289, 122874, 100147, 119877, 109209, 117782, 124387, 122150]
[111036, 112732, 101664, 115475, 97516, 93773, 111829, 102811, 120050, 105604, 99338, 101544, 78620, 117767, 108111, 111980, 105480, 100698, 112961, 127846, 127214, 91313, 95794, 110473, 100406, 83445, 108631, 105092, 99100, 123766, 135024, 109594, 114014, 105839, 115920, 114665, 108026, 122781, 105536, 125630, 104473, 95011, 112141, 124597, 108908, 123336, 105150, 108929, 121433, 100052]
[112750, 111417, 99232, 112375, 105766, 89225, 97902, 105659, 109840, 107135, 117723, 92966, 90907, 116964, 106736, 121575, 108773, 118694, 116386, 128408, 129905, 80855, 98511, 111144, 112306, 98607, 133479, 107121, 113003, 132965, 135164, 122884, 114316, 99495, 113418, 131901, 110222, 123522, 102650, 111499, 95182, 92352, 118608, 115636, 107082, 124591, 98488, 114744, 118091, 129790]
[121743, 122393, 121818, 125729, 125069, 120179, 131355, 122315, 136553, 121664, 128302, 104079, 86952, 130007, 119688, 136777, 113805, 115851, 131175, 142103, 153680, 123094, 114572, 115908, 114364, 116427, 133328, 126111, 114592, 133183, 140984, 122496, 120314, 107711, 139051, 142266, 138447, 132717, 115535, 131637, 122520, 103094, 121108, 134064, 127113, 147159, 116214, 133539, 130899, 139679]
[118429, 121991, 95160, 119416, 113767, 104129, 117361, 126673, 120959, 116441, 132900, 97952, 93677, 119948, 125695, 123172, 108985, 112364, 128770, 141173, 145044, 109629, 113278, 110615, 117575, 118318, 129747, 113496, 116325, 141121, 140043, 112854, 122312, 117750, 126415, 136446, 119102, 127799, 105935, 124771, 103547, 108316, 122160, 134537, 104471, 132680, 113845, 121928, 128546, 124049]
[125819, 134420, 123335, 130248, 122629, 125588, 142819, 143908, 145151, 125513, 130337, 105055, 106571, 136998, 125741, 140734, 130147, 125379, 143929, 151871, 150344, 123104, 116216, 124156, 120941, 115483, 128010, 123644, 115551, 152140, 161277, 131279, 128355, 130997, 129184, 134166, 134347, 148802, 117458, 139290, 116402, 110850, 108694, 142471, 115430, 148596, 118014, 141571, 141416, 133851]
[104708, 119138, 103242, 103999, 100958, 101270, 112008, 118064, 117075, 97650, 112373, 100030, 95238, 109807, 102017, 123804, 104375, 98471, 118716, 122590, 124633, 105692, 99575, 110355, 105376, 90029, 113184, 98377, 103098, 118065, 147333, 119026, 109456, 114821, 106674, 119558, 115073, 124116, 100583, 129119, 99696, 98454, 102635, 124727, 96161, 117263, 95806, 114500, 119425, 115225]
[93177, 99110, 102737, 107093, 104029, 99493, 120681, 118353, 114946, 107362, 110502, 87306, 84111, 107451, 105010, 123613, 115535, 107644, 122615, 126473, 122905, 103143, 111949, 105685, 101654, 114786, 108494, 101996, 105770, 131642, 131029, 119161, 115755, 108265, 104631, 120808, 121075, 132612, 101518, 120836, 90208, 91899, 99293, 110389, 91450, 121963, 106145, 120194, 119284, 128453]
[125043, 129810, 125499, 135494, 120243, 120112, 141891, 143171, 142262, 142429, 139279, 114197, 101856, 140822, 135275, 146477, 134793, 128335, 146977, 154747, 154180, 131523, 125172, 126771, 118061, 119555, 133530, 129656, 121502, 157897, 172181, 136574, 133100, 143592, 136418, 152155, 134800, 151973, 124922, 156311, 112245, 120360, 126335, 147792, 119291, 151978, 114013, 138642, 143998, 147044]
